SM:2021-09-02T02:48:47.2735238Z
LM:2021-09-02T02:48:47.6201619Z
CT:image/jpeg
MA:604800
CL:31052
