SM:2021-09-06T04:10:56.6944729Z
LM:2021-09-13T03:39:00.9211798Z
CT:image/jpeg
MA:604800
CL:23796
