SM:2021-09-02T02:46:31.2577759Z
LM:2021-09-02T02:46:31.5069133Z
CT:image/jpeg
MA:604800
CL:11522
