SM:2021-09-02T02:45:03.6532505Z
LM:2021-09-02T02:45:03.9666871Z
CT:image/jpeg
MA:604800
CL:20569
