SM:2021-09-06T04:10:57.0715075Z
LM:2021-09-13T03:39:00.9194635Z
CT:image/jpeg
MA:604800
CL:11561
