SM:2021-09-02T02:46:52.0879873Z
LM:2021-09-02T03:15:59.9426098Z
CT:image/jpeg
MA:604800
CL:17732
