SM:2021-09-02T02:44:05.0199060Z
LM:2021-09-02T02:44:05.8233155Z
CT:image/jpeg
MA:604800
CL:37106
