SM:2021-09-06T04:11:22.0530403Z
LM:2021-09-11T05:09:49.8620387Z
CT:image/png
MA:604800
CL:50477
