SM:2021-11-15T06:31:05.0000552Z
LM:2021-11-15T07:12:05.5250726Z
CT:image/jpeg
MA:604800
CL:15506
