SM:2021-09-06T04:08:35.6501884Z
LM:2021-09-06T04:12:00.3607272Z
CT:image/jpeg
MA:604800
CL:15506
