SM:2021-09-06T04:11:44.0726883Z
LM:2021-09-13T03:39:05.4979457Z
CT:image/jpeg
MA:604800
CL:20600
