SM:2021-09-06T04:10:00.7342262Z
LM:2021-09-06T04:27:49.2365914Z
CT:image/jpeg
MA:604800
CL:19142
