SM:2021-09-06T04:08:37.8429181Z
LM:2021-09-06T04:12:00.2966255Z
CT:image/jpeg
MA:604800
CL:14519
