SM:2021-09-02T02:44:05.2669089Z
LM:2021-09-02T02:44:06.0240376Z
CT:image/jpeg
MA:604800
CL:2712
