SM:2021-09-02T02:47:51.9585068Z
LM:2021-09-02T02:47:52.3430885Z
CT:image/jpeg
MA:604800
CL:25128
