SM:2021-09-06T04:08:37.6219318Z
LM:2021-09-06T04:12:00.3421981Z
CT:image/jpeg
MA:604800
CL:20098
