SM:2021-09-02T02:45:03.8172531Z
LM:2021-09-02T02:45:03.9966582Z
CT:image/jpeg
MA:604800
CL:18807
