SM:2021-09-02T02:46:51.8941110Z
LM:2021-09-02T03:15:59.9607021Z
CT:image/jpeg
MA:604800
CL:14412
