SM:2021-09-06T04:10:00.4906539Z
LM:2021-09-06T04:10:01.0539464Z
CT:image/jpeg
MA:604800
CL:25128
