SM:2021-10-08T13:21:59.3434081Z
LM:2021-10-11T06:20:30.5461931Z
CT:image/jpeg
MA:604800
CL:25994
