SM:2021-09-06T04:11:43.9745347Z
LM:2021-09-13T03:39:05.5025518Z
CT:image/jpeg
MA:604800
CL:25994
