SM:2021-11-15T06:31:04.8070168Z
LM:2021-11-15T07:15:20.5480085Z
CT:image/jpeg
MA:604800
CL:25994
