SM:2021-09-02T02:44:04.3108007Z
LM:2021-09-02T03:15:56.7232266Z
CT:image/png
MA:604800
CL:167244
