SM:2021-09-06T04:10:56.5565446Z
LM:2021-09-13T03:39:00.9194712Z
CT:image/jpeg
MA:604800
CL:13542
