SM:2021-09-02T02:45:03.5362750Z
LM:2021-09-02T02:45:04.0198752Z
CT:image/jpeg
MA:604800
CL:26101
