SM:2021-09-02T02:47:52.0515192Z
LM:2021-09-02T02:47:52.3340958Z
CT:image/jpeg
MA:604800
CL:22422
