SM:2021-09-02T02:48:47.1296229Z
LM:2021-09-02T02:48:47.5765412Z
CT:image/jpeg
MA:604800
CL:15368
