SM:2021-09-06T04:08:37.8429181Z
LM:2021-09-06T04:08:38.4475741Z
CT:image/jpeg
MA:604800
CL:14480
