SM:2021-09-02T02:44:04.3108007Z
LM:2021-09-02T02:44:06.5691753Z
CT:image/png
MA:604800
CL:167244
