SM:2021-09-02T02:48:47.3447306Z
LM:2021-09-02T02:48:47.6370327Z
CT:image/jpeg
MA:604800
CL:20111
