SM:2021-09-06T04:10:56.9565373Z
LM:2021-09-06T04:10:57.4090372Z
CT:image/jpeg
MA:604800
CL:17935
