SM:2021-09-02T02:46:52.0079584Z
LM:2021-09-02T03:15:59.9328818Z
CT:image/jpeg
MA:604800
CL:16728
