SM:2021-09-02T02:45:03.7022513Z
LM:2021-09-02T02:45:03.9717278Z
CT:image/jpeg
MA:604800
CL:23868
