SM:2021-09-02T02:47:52.1905986Z
LM:2021-09-02T02:47:52.3451298Z
CT:image/jpeg
MA:604800
CL:21617
