SM:2021-09-02T02:47:52.1225544Z
LM:2021-09-02T02:47:52.3124047Z
CT:image/jpeg
MA:604800
CL:19142
