SM:2021-09-06T04:10:23.3839622Z
LM:2021-09-06T04:10:23.9403320Z
CT:image/jpeg
MA:604800
CL:14437
