SM:2021-09-06T04:11:43.8735798Z
LM:2021-09-13T03:39:05.5031472Z
CT:image/jpeg
MA:604800
CL:26032
