SM:2021-09-02T02:45:03.4372663Z
LM:2021-09-02T02:45:03.9846052Z
CT:image/jpeg
MA:604800
CL:24399
