SM:2021-09-02T02:44:04.4128018Z
LM:2021-09-02T03:15:56.5647349Z
CT:image/png
MA:604800
CL:86252
