SM:2021-09-02T02:46:31.0906655Z
LM:2021-09-02T02:46:31.5318543Z
CT:image/jpeg
MA:604800
CL:20633
