SM:2021-09-06T04:11:43.7610340Z
LM:2021-09-06T04:11:44.5842992Z
CT:image/jpeg
MA:604800
CL:24399
