SM:2021-09-06T04:08:36.9938245Z
LM:2021-09-06T04:08:38.4537737Z
CT:image/jpeg
MA:604800
CL:15368
