SM:2021-09-06T04:11:22.4937066Z
LM:2021-09-11T05:09:49.8620266Z
CT:image/png
MA:604800
CL:32113
