SM:2021-09-02T02:45:35.7284211Z
LM:2021-09-02T02:45:36.0495951Z
CT:image/png
MA:604800
CL:27668
