SM:2021-09-06T04:08:37.2158729Z
LM:2021-09-06T04:08:38.4475660Z
CT:image/jpeg
MA:604800
CL:26018
