SM:2021-09-02T02:44:04.9149055Z
LM:2021-09-02T03:16:00.5039416Z
CT:image/gif
MA:604800
CL:1522849
