SM:2021-09-02T02:46:31.0130270Z
LM:2021-09-02T02:46:31.5353732Z
CT:image/jpeg
MA:604800
CL:23983
