SM:2021-09-06T04:11:43.7610340Z
LM:2021-09-13T03:39:05.5050007Z
CT:image/jpeg
MA:604800
CL:24319
