SM:2021-09-06T04:08:35.9111643Z
LM:2021-09-06T04:08:38.4475908Z
CT:image/jpeg
MA:604800
CL:16061
