SM:2021-09-06T04:10:00.6292275Z
LM:2021-09-06T04:10:00.9944397Z
CT:image/jpeg
MA:604800
CL:22422
