SM:2021-09-06T04:11:44.2705894Z
LM:2021-09-13T03:39:05.5271349Z
CT:image/jpeg
MA:604800
CL:20985
