SM:2021-09-02T02:46:30.8215279Z
LM:2021-09-02T02:46:31.5152928Z
CT:image/jpeg
MA:604800
CL:13726
