SM:2021-09-06T04:11:44.1731175Z
LM:2021-09-13T03:39:05.4984713Z
CT:image/jpeg
MA:604800
CL:23830
