SM:2021-09-02T02:48:18.9837339Z
LM:2021-09-02T02:48:19.1784718Z
CT:image/jpeg
MA:604800
CL:28203
