SM:2021-09-02T02:44:04.5582399Z
LM:2021-09-02T02:44:05.8662776Z
CT:image/jpeg
MA:604800
CL:14003
