SM:2021-09-02T02:45:03.5902589Z
LM:2021-09-02T02:45:03.9703312Z
CT:image/jpeg
MA:604800
CL:26090
