SM:2021-09-02T02:48:47.0647748Z
LM:2021-09-02T02:48:47.5769306Z
CT:image/jpeg
MA:604800
CL:16349
