SM:2021-09-02T02:46:30.9337409Z
LM:2021-09-02T02:46:31.5087576Z
CT:image/jpeg
MA:604800
CL:13531
