SM:2021-09-06T04:08:37.4088261Z
LM:2021-09-06T04:12:00.3006658Z
CT:image/jpeg
MA:604800
CL:31181
