SM:2021-09-06T04:10:23.6858289Z
LM:2021-09-06T04:10:23.9500884Z
CT:image/jpeg
MA:604800
CL:17833
