SM:2021-09-02T02:48:47.4113625Z
LM:2021-09-02T02:48:47.5804646Z
CT:image/jpeg
MA:604800
CL:14480
