SM:2021-09-06T04:09:37.8738009Z
LM:2021-09-11T04:17:34.4058715Z
CT:image/jpeg
MA:604800
CL:28203
