SM:2021-09-06T04:10:00.8232215Z
LM:2021-09-06T04:10:00.9949697Z
CT:image/jpeg
MA:604800
CL:21617
