SM:2021-09-02T02:44:04.8539086Z
LM:2021-09-02T03:15:56.2767110Z
CT:image/png
MA:604800
CL:20508
