SM:2021-09-06T04:10:57.0715075Z
LM:2021-09-06T04:10:57.4060512Z
CT:image/jpeg
MA:604800
CL:11522
