SM:2021-09-06T04:10:56.6944729Z
LM:2021-09-06T04:10:57.3889348Z
CT:image/jpeg
MA:604800
CL:23983
