SM:2021-09-02T02:44:04.4849003Z
LM:2021-09-02T02:44:05.9362169Z
CT:image/png
MA:604800
CL:13783
