SM:2021-09-02T02:48:19.0707322Z
LM:2021-09-02T02:48:19.1908475Z
CT:image/jpeg
MA:604800
CL:26353
