SM:2021-09-06T04:10:00.6292275Z
LM:2021-09-06T04:27:49.2367624Z
CT:image/jpeg
MA:604800
CL:22422
