SM:2021-09-02T02:46:31.1737062Z
LM:2021-09-02T02:46:31.4653451Z
CT:image/jpeg
MA:604800
CL:17935
