SM:2021-09-02T02:45:35.5324154Z
LM:2021-09-02T02:45:36.0634569Z
CT:image/png
MA:604800
CL:50477
