SM:2021-09-02T02:44:03.9249218Z
LM:2021-09-02T02:44:10.0346133Z
CT:image/png
MA:604800
CL:2898
