SM:2021-09-06T04:11:44.3808907Z
LM:2021-09-06T04:11:44.6489551Z
CT:image/jpeg
MA:604800
CL:18807
