SM:2021-09-02T02:44:05.2019061Z
LM:2021-09-02T03:15:57.8978465Z
CT:image/jpeg
MA:604800
CL:38850
