SM:2021-09-06T04:08:36.3414381Z
LM:2021-09-06T04:12:00.3267540Z
CT:image/jpeg
MA:604800
CL:17737
