SM:2021-09-06T04:08:37.2158729Z
LM:2021-09-06T04:12:00.3646923Z
CT:image/jpeg
MA:604800
CL:25863
