SM:2021-09-02T02:44:04.5582399Z
LM:2021-09-02T03:15:56.2431031Z
CT:image/jpeg
MA:604800
CL:13862
