SM:2021-09-06T04:08:35.1621399Z
LM:2021-09-06T04:12:00.2903474Z
CT:image/jpeg
MA:604800
CL:28371
