SM:2021-09-06T04:10:00.7342262Z
LM:2021-09-06T04:10:00.9951098Z
CT:image/jpeg
MA:604800
CL:19142
