SM:2021-09-02T02:44:05.2019061Z
LM:2021-09-02T02:44:05.8548543Z
CT:image/jpeg
MA:604800
CL:38897
