SM:2021-09-02T02:46:51.8941110Z
LM:2021-09-02T02:46:52.2891502Z
CT:image/jpeg
MA:604800
CL:14437
