SM:2021-09-06T04:08:36.5576376Z
LM:2021-09-06T04:12:00.2998048Z
CT:image/jpeg
MA:604800
CL:16325
