SM:2021-09-06T04:11:22.8427105Z
LM:2021-09-06T04:11:23.3589961Z
CT:image/png
MA:604800
CL:31152
