SM:2021-09-06T04:11:22.7267150Z
LM:2021-09-11T05:09:49.8620428Z
CT:image/png
MA:604800
CL:27668
