SM:2021-09-02T02:45:03.7562517Z
LM:2021-09-02T02:45:03.9968423Z
CT:image/jpeg
MA:604800
CL:21074
