SM:2021-09-02T02:44:04.4849003Z
LM:2021-09-02T03:15:56.2334704Z
CT:image/png
MA:604800
CL:13757
