SM:2021-09-02T02:44:05.2669089Z
LM:2021-09-02T03:15:57.9430143Z
CT:image/jpeg
MA:604800
CL:2712
