SM:2021-09-06T04:08:35.9111643Z
LM:2021-09-06T04:12:00.3664961Z
CT:image/jpeg
MA:604800
CL:16022
