SM:2021-09-06T04:11:44.0726883Z
LM:2021-09-06T04:11:44.5333226Z
CT:image/jpeg
MA:604800
CL:20569
