SM:2021-09-06T04:08:37.4088261Z
LM:2021-09-06T04:08:38.4475812Z
CT:image/jpeg
MA:604800
CL:31052
