SM:2021-09-02T02:44:04.4128018Z
LM:2021-09-02T02:44:06.3917501Z
CT:image/png
MA:604800
CL:86098
