SM:2021-09-06T04:10:23.5458775Z
LM:2021-09-06T04:10:23.9625928Z
CT:image/jpeg
MA:604800
CL:16674
