SM:2021-09-06T04:08:37.6219318Z
LM:2021-09-06T04:08:38.4477269Z
CT:image/jpeg
MA:604800
CL:20111
