SM:2021-09-06T04:09:38.0278852Z
LM:2021-09-11T04:17:34.4058677Z
CT:image/jpeg
MA:604800
CL:26353
