SM:2021-09-06T04:11:43.8735798Z
LM:2021-09-06T04:11:44.5628997Z
CT:image/jpeg
MA:604800
CL:26101
