SM:2021-09-02T02:45:35.7834131Z
LM:2021-09-02T02:45:36.0283749Z
CT:image/png
MA:604800
CL:31152
