SM:2021-09-06T04:08:36.1333996Z
LM:2021-09-06T04:12:00.3302464Z
CT:image/jpeg
MA:604800
CL:17684
