SM:2021-09-06T04:08:36.9938245Z
LM:2021-09-06T04:12:00.3300748Z
CT:image/jpeg
MA:604800
CL:15456
