SM:2021-09-06T04:10:56.3674730Z
LM:2021-09-06T04:10:57.3835385Z
CT:image/jpeg
MA:604800
CL:13726
