SM:2021-09-06T04:08:35.6501884Z
LM:2021-09-06T04:08:38.4609382Z
CT:image/jpeg
MA:604800
CL:15505
