SM:2021-09-02T02:44:05.1069070Z
LM:2021-09-02T02:44:05.8383657Z
CT:image/jpeg
MA:604800
CL:54688
