SM:2021-09-06T04:11:22.7267150Z
LM:2021-09-06T04:11:23.3589962Z
CT:image/png
MA:604800
CL:27668
