SM:2021-09-02T02:44:04.9149055Z
LM:2021-09-02T02:44:09.6900673Z
CT:image/gif
MA:604800
CL:1522849
