SM:2021-09-02T02:45:35.6704151Z
LM:2021-09-02T02:45:36.0853022Z
CT:image/png
MA:604800
CL:54905
