SM:2021-09-06T04:08:36.1333996Z
LM:2021-09-06T04:08:38.4565675Z
CT:image/jpeg
MA:604800
CL:17685
