SM:2021-09-02T02:48:47.2055261Z
LM:2021-09-02T02:48:47.5703228Z
CT:image/jpeg
MA:604800
CL:26018
