SM:2021-09-02T02:45:35.6114219Z
LM:2021-09-02T02:45:36.0605545Z
CT:image/png
MA:604800
CL:32113
