SM:2021-09-06T04:08:35.1621399Z
LM:2021-09-06T04:08:38.4759824Z
CT:image/jpeg
MA:604800
CL:28380
