SM:2021-09-06T04:08:36.7856383Z
LM:2021-09-06T04:12:00.3046617Z
CT:image/jpeg
MA:604800
CL:16311
