SM:2021-09-02T02:44:03.9249218Z
LM:2021-09-02T03:15:56.2334704Z
CT:image/png
MA:604800
CL:2898
