SM:2021-09-02T02:46:52.0079584Z
LM:2021-09-02T02:46:52.2790290Z
CT:image/jpeg
MA:604800
CL:16674
